10 311.44 54.2
20 171.29 134.24
30 199.27 8.58
40 256.22 199.22
50 174.74 8.15
60 181.46 8.45
70 107.88 8.65
80 158.13 8.06
90 114.64 9.09
100 254.66 9.41
110 78.7 8.39
120 190.42 9.72
130 216.5 8.52
140 83.07 9.16
150 140.53 8.82
160 72.47 9.57
170 194.23 9.19
180 177.07 10.25
190 111.71 10.13
200 203.35 10.68
210 71.2 10.67
220 166.63 9.48
230 73.8 11.27
240 197.85 10.64
250 69.63 10.74
260 172.58 11.84
270 107.27 11.06
280 113.43 41.35
290 69.44 12.24
300 73.66 14.43
310 83.54 13.87
320 73.86 11.49
330 72.05 11.43
340 72.43 12.15
350 72.76 12.48
360 70.94 12.52
370 93.23 16.7
380 68.54 13.04
390 66.49 15.01
400 80.68 14.76
410 74.13 13.49
420 68.37 14.68
430 71.52 13.93
440 94.66 17.05
450 68.64 13.92
460 77.69 14.03
470 65.15 20.33
480 74.23 15.93
490 81.12 16.27
500 77.45 16.87
510 77.16 14.83
520 73.74 15.53
530 72.51 16.72
540 69.4 15.96
550 109.98 18.04
560 125.08 16.21
