1 1 2.2
1 2 -1.23
1 3 -6.74
1 4 -0.94
1 5 -6.36
1 6 -10.71
1 7 -15.25
1 8 -25.6
1 9 -27.62
1 10 -22.67

2 1 2.43
2 2 -7.42
2 3 -15.1
2 4 -14.5
2 5 -30.21
2 6 -19.69
2 7 -30.05
2 8 -36.98
2 9 -44.17
2 10 -43.79

3 1 0.47
3 2 -7.2
3 3 -6.95
3 4 -24.51
3 5 -24.4
3 6 -32.32
3 7 -34.78
3 8 -40.43
3 9 -51.61
3 10 -63.99

4 1 -0.67
4 2 -7.91
4 3 -15.43
4 4 -28.52
4 5 -26.34
4 6 -46.17
4 7 -56.6
4 8 -58.64
4 9 -63.2
4 10 -92.93

5 1 0.26
5 2 -10.78
5 3 -25.38
5 4 -31.84
5 5 -44.13
5 6 -53.65
5 7 -74.18
5 8 -84.69
5 9 -89.71
5 10 -101.04

6 1 -1.11
6 2 -9.74
6 3 -26.44
6 4 -42.86
6 5 -53.53
6 6 -63.36
6 7 -76.76
6 8 -96.23
6 9 -107.31
6 10 -113.97

7 1 -1.0
7 2 -5.16
7 3 -28.8
7 4 -36.17
7 5 -57.17
7 6 -76.75
7 7 -83.06
7 8 -95.47
7 9 -118.57
7 10 -139.13

8 1 -0.7
8 2 -16.44
8 3 -36.24
8 4 -51.45
8 5 -70.39
8 6 -81.88
8 7 -114.54
8 8 -102.18
8 9 -140.99
8 10 -146.36

9 1 -0.99
9 2 -14.63
9 3 -35.52
9 4 -56.58
9 5 -67.35
9 6 -87.23
9 7 -116.21
9 8 -138.0
9 9 -144.4
9 10 -164.93

10 1 4.84
10 2 -19.95
10 3 -37.34
10 4 -55.66
10 5 -83.85
10 6 -99.09
10 7 -127.84
10 8 -145.72
10 9 -146.66
10 10 -184.8

