1 10 35.33
1 11 35.04
1 12 37.49
1 13 41.06
1 14 40.32
1 15 44.88
1 16 44.45
1 17 50.3
1 18 47.71
1 19 55.69
1 20 54.25
1 21 55.97
1 22 59.63
1 23 61.98
1 24 60.71
1 25 59.67
1 26 67.7
1 27 62.67
1 28 66.69
1 29 71.01
1 30 71.51
1 31 74.16
1 32 70.81
1 33 76.55
1 34 82.03
1 35 79.53
1 36 79.6
1 37 87.52
1 38 87.83
1 39 90.27
1 40 91.93
1 41 91.5
1 42 92.49
1 43 91.83
1 44 95.97
1 45 95.76
1 46 103.57
1 47 101.98
1 48 101.85
1 49 99.6
1 50 102.97
1 51 115.39
1 52 113.89
1 53 110.53
1 54 108.39
1 55 115.72
1 56 123.49
1 57 126.57
1 58 122.82
1 59 124.21
1 60 124.0
1 61 121.05
1 62 134.52
1 63 133.49
1 64 140.5
1 65 130.82
1 66 137.91
1 67 142.72
1 68 131.07
1 69 145.37
1 70 146.31
1 71 140.47
1 72 140.1
1 73 150.02
1 74 152.0
1 75 145.42
1 76 159.41
1 77 157.88
1 78 156.16
1 79 163.43
1 80 161.66
1 81 162.39
1 82 169.48
1 83 159.21
1 84 170.66
1 85 176.62
1 86 172.33
1 87 163.46
1 88 174.25
1 89 178.27
1 90 181.03
1 91 170.51
1 92 181.71
1 93 190.1
1 94 183.13
1 95 189.66
1 96 188.3
1 97 195.21
1 98 198.66
1 99 193.22
1 100 191.69

2 10 36.36
2 11 52.47
2 12 51.39
2 13 54.74
2 14 55.41
2 15 59.16
2 16 57.05
2 17 61.63
2 18 55.66
2 19 62.03
2 20 61.28
2 21 68.83
2 22 70.65
2 23 64.58
2 24 71.58
2 25 74.56
2 26 82.03
2 27 74.01
2 28 77.23
2 29 81.71
2 30 81.77
2 31 87.07
2 32 81.86
2 33 92.85
2 34 95.73
2 35 95.61
2 36 94.87
2 37 96.64
2 38 95.43
2 39 104.83
2 40 99.84
2 41 104.69
2 42 100.57
2 43 105.8
2 44 112.53
2 45 114.3
2 46 109.13
2 47 106.75
2 48 119.74
2 49 119.62
2 50 115.74
2 51 115.65
2 52 103.15
2 53 125.57
2 54 128.6
2 55 127.12
2 56 131.82
2 57 131.56
2 58 129.77
2 59 132.21
2 60 140.17
2 61 143.4
2 62 143.22
2 63 153.7
2 64 146.21
2 65 142.93
2 66 150.85
2 67 153.8
2 68 155.2
2 69 152.57
2 70 158.15
2 71 161.97
2 72 156.67
2 73 163.52
2 74 157.07
2 75 161.27
2 76 168.49
2 77 174.2
2 78 174.96
2 79 167.2
2 80 171.65
2 81 177.47
2 82 172.57
2 83 177.49
2 84 175.68
2 85 183.09
2 86 182.47
2 87 181.46
2 88 177.48
2 89 184.7
2 90 193.65
2 91 189.62
2 92 180.17
2 93 184.45
2 94 197.63
2 95 201.12
2 96 194.18
2 97 200.08
2 98 197.45
2 99 205.73
2 100 199.16

3 10 42.09
3 11 62.27
3 12 65.67
3 13 65.42
3 14 68.23
3 15 70.0
3 16 71.1
3 17 72.91
3 18 69.0
3 19 76.92
3 20 75.7
3 21 73.22
3 22 79.97
3 23 81.47
3 24 89.83
3 25 90.26
3 26 76.79
3 27 85.6
3 28 92.44
3 29 84.33
3 30 95.74
3 31 94.41
3 32 96.59
3 33 104.74
3 34 109.94
3 35 105.49
3 36 107.43
3 37 106.07
3 38 111.41
3 39 112.66
3 40 111.88
3 41 117.35
3 42 112.45
3 43 118.54
3 44 121.04
3 45 110.6
3 46 116.14
3 47 117.27
3 48 124.14
3 49 130.24
3 50 140.01
3 51 137.2
3 52 127.25
3 53 136.16
3 54 140.15
3 55 131.54
3 56 144.12
3 57 141.85
3 58 146.81
3 59 151.62
3 60 137.62
3 61 143.59
3 62 141.13
3 63 143.53
3 64 153.61
3 65 162.33
3 66 160.33
3 67 165.22
3 68 164.42
3 69 167.05
3 70 170.33
3 71 165.34
3 72 163.96
3 73 165.8
3 74 176.03
3 75 178.61
3 76 169.71
3 77 179.46
3 78 184.12
3 79 177.98
3 80 177.61
3 81 187.38
3 82 182.29
3 83 193.92
3 84 193.01
3 85 199.77
3 86 198.73
3 87 199.15
3 88 199.62
3 89 201.64
3 90 199.26
3 91 197.06
3 92 196.6
3 93 207.6
3 94 212.68
3 95 207.15
3 96 213.49
3 97 217.76
3 98 207.18
3 99 214.96
3 100 218.73

4 10 60.42
4 11 65.34
4 12 75.03
4 13 70.86
4 14 80.67
4 15 79.93
4 16 76.05
4 17 72.53
4 18 87.81
4 19 79.0
4 20 83.3
4 21 80.88
4 22 92.83
4 23 97.3
4 24 96.5
4 25 106.0
4 26 105.69
4 27 108.7
4 28 105.29
4 29 95.91
4 30 101.9
4 31 110.39
4 32 99.9
4 33 117.0
4 34 118.81
4 35 104.68
4 36 111.01
4 37 119.1
4 38 129.5
4 39 130.0
4 40 115.9
4 41 116.32
4 42 127.69
4 43 130.58
4 44 138.98
4 45 125.2
4 46 131.16
4 47 138.47
4 48 129.61
4 49 134.91
4 50 127.67
4 51 136.92
4 52 142.63
4 53 139.27
4 54 143.71
4 55 151.12
4 56 142.73
4 57 143.09
4 58 155.69
4 59 148.24
4 60 159.01
4 61 160.14
4 62 160.11
4 63 157.21
4 64 167.98
4 65 169.97
4 66 156.57
4 67 163.85
4 68 179.64
4 69 172.92
4 70 176.36
4 71 179.1
4 72 181.13
4 73 179.46
4 74 184.69
4 75 176.6
4 76 190.93
4 77 178.81
4 78 181.57
4 79 191.2
4 80 196.8
4 81 185.51
4 82 189.91
4 83 194.0
4 84 201.53
4 85 209.68
4 86 210.26
4 87 211.58
4 88 210.52
4 89 210.11
4 90 214.8
4 91 223.45
4 92 226.27
4 93 214.11
4 94 215.53
4 95 211.2
4 96 223.59
4 97 232.64
4 98 218.48
4 99 221.89
4 100 237.4

5 10 84.03
5 11 79.99
5 12 78.22
5 13 80.7
5 14 95.68
5 15 81.81
5 16 91.3
5 17 82.5
5 18 97.79
5 19 99.8
5 20 91.05
5 21 92.15
5 22 99.2
5 23 99.37
5 24 105.04
5 25 101.91
5 26 96.43
5 27 106.32
5 28 104.56
5 29 105.93
5 30 115.37
5 31 106.8
5 32 115.82
5 33 116.93
5 34 117.01
5 35 118.48
5 36 131.98
5 37 133.41
5 38 125.26
5 39 122.11
5 40 132.22
5 41 129.04
5 42 148.92
5 43 145.6
5 44 133.58
5 45 135.34
5 46 134.87
5 47 137.05
5 48 138.35
5 49 139.77
5 50 144.85
5 51 150.55
5 52 144.29
5 53 163.4
5 54 163.78
5 55 155.27
5 56 159.45
5 57 173.39
5 58 158.14
5 59 166.64
5 60 157.71
5 61 165.8
5 62 170.96
5 63 170.11
5 64 187.41
5 65 168.77
5 66 178.6
5 67 177.75
5 68 175.59
5 69 179.47
5 70 183.6
5 71 191.8
5 72 183.4
5 73 188.91
5 74 186.87
5 75 182.21
5 76 187.63
5 77 217.43
5 78 194.6
5 79 204.14
5 80 205.44
5 81 209.94
5 82 196.43
5 83 200.72
5 84 203.41
5 85 202.79
5 86 215.97
5 87 209.07
5 88 218.27
5 89 229.38
5 90 217.06
5 91 215.9
5 92 214.11
5 93 225.94
5 94 227.72
5 95 225.32
5 96 215.96
5 97 229.47
5 98 238.84
5 99 233.59
5 100 242.34

6 10 83.86
6 11 86.36
6 12 87.76
6 13 89.88
6 14 97.2
6 15 96.36
6 16 103.13
6 17 99.94
6 18 101.92
6 19 102.03
6 20 108.3
6 21 109.24
6 22 118.0
6 23 109.84
6 24 114.81
6 25 113.06
6 26 121.69
6 27 118.14
6 28 117.91
6 29 120.65
6 30 122.91
6 31 121.22
6 32 138.33
6 33 128.66
6 34 130.79
6 35 131.81
6 36 130.05
6 37 135.92
6 38 141.2
6 39 139.96
6 40 142.4
6 41 137.19
6 42 140.9
6 43 153.45
6 44 145.27
6 45 153.11
6 46 152.19
6 47 148.76
6 48 157.8
6 49 147.74
6 50 156.31
6 51 158.73
6 52 167.23
6 53 176.51
6 54 169.55
6 55 167.86
6 56 163.95
6 57 176.79
6 58 176.02
6 59 170.33
6 60 174.27
6 61 182.6
6 62 178.44
6 63 186.86
6 64 181.95
6 65 179.8
6 66 190.39
6 67 191.44
6 68 188.68
6 69 198.59
6 70 191.05
6 71 192.54
6 72 204.95
6 73 208.29
6 74 210.31
6 75 206.37
6 76 207.71
6 77 211.68
6 78 213.06
6 79 211.61
6 80 233.43
6 81 217.65
6 82 212.72
6 83 215.32
6 84 231.16
6 85 224.44
6 86 229.46
6 87 227.2
6 88 225.88
6 89 227.85
6 90 227.62
6 91 225.71
6 92 247.8
6 93 243.07
6 94 238.12
6 95 239.56
6 96 240.51
6 97 242.35
6 98 252.42
6 99 248.45
6 100 256.78

7 10 101.28
7 11 99.29
7 12 96.98
7 13 105.0
7 14 112.14
7 15 109.36
7 16 104.69
7 17 111.47
7 18 112.62
7 19 111.81
7 20 115.37
7 21 119.97
7 22 117.94
7 23 119.01
7 24 126.99
7 25 126.96
7 26 127.27
7 27 135.03
7 28 132.11
7 29 132.06
7 30 138.32
7 31 136.32
7 32 142.71
7 33 143.19
7 34 138.97
7 35 144.68
7 36 149.95
7 37 153.75
7 38 146.31
7 39 151.65
7 40 153.3
7 41 152.02
7 42 154.66
7 43 161.48
7 44 151.82
7 45 160.7
7 46 160.96
7 47 161.31
7 48 162.95
7 49 168.04
7 50 169.44
7 51 172.51
7 52 176.02
7 53 170.63
7 54 180.44
7 55 181.84
7 56 175.9
7 57 184.4
7 58 179.17
7 59 180.54
7 60 188.63
7 61 192.88
7 62 195.02
7 63 193.69
7 64 192.64
7 65 196.7
7 66 199.9
7 67 202.23
7 68 205.16
7 69 199.52
7 70 213.4
7 71 206.57
7 72 210.03
7 73 214.94
7 74 215.5
7 75 211.36
7 76 217.61
7 77 222.65
7 78 219.13
7 79 224.18
7 80 226.63
7 81 225.98
7 82 221.85
7 83 231.7
7 84 236.31
7 85 236.9
7 86 237.78
7 87 245.65
7 88 239.36
7 89 243.77
7 90 240.28
7 91 243.07
7 92 234.99
7 93 239.38
7 94 249.46
7 95 250.58
7 96 253.88
7 97 260.37
7 98 258.14
7 99 253.5
7 100 260.31

8 10 101.69
8 11 113.47
8 12 100.99
8 13 121.71
8 14 115.44
8 15 124.32
8 16 123.87
8 17 122.38
8 18 125.64
8 19 123.97
8 20 129.89
8 21 129.49
8 22 137.85
8 23 139.64
8 24 143.86
8 25 139.56
8 26 138.28
8 27 142.51
8 28 140.24
8 29 147.45
8 30 133.66
8 31 144.52
8 32 146.47
8 33 154.62
8 34 146.68
8 35 150.92
8 36 156.29
8 37 161.22
8 38 161.54
8 39 166.12
8 40 170.61
8 41 171.61
8 42 169.78
8 43 171.58
8 44 166.66
8 45 179.24
8 46 173.42
8 47 171.8
8 48 181.05
8 49 179.65
8 50 181.5
8 51 184.69
8 52 186.0
8 53 187.12
8 54 191.75
8 55 195.37
8 56 197.55
8 57 194.04
8 58 198.0
8 59 199.89
8 60 199.67
8 61 200.28
8 62 206.34
8 63 206.91
8 64 212.23
8 65 211.31
8 66 203.53
8 67 216.45
8 68 208.86
8 69 217.4
8 70 212.56
8 71 226.55
8 72 220.57
8 73 227.43
8 74 224.36
8 75 216.79
8 76 231.41
8 77 226.62
8 78 233.79
8 79 236.33
8 80 234.46
8 81 241.13
8 82 233.65
8 83 242.65
8 84 250.32
8 85 247.0
8 86 245.34
8 87 255.51
8 88 251.53
8 89 252.54
8 90 254.3
8 91 250.1
8 92 263.62
8 93 265.81
8 94 262.74
8 95 267.46
8 96 267.05
8 97 264.43
8 98 270.35
8 99 266.59
8 100 271.93

9 10 120.69
9 11 128.97
9 12 127.52
9 13 129.76
9 14 130.84
9 15 129.34
9 16 138.26
9 17 134.15
9 18 140.22
9 19 144.61
9 20 146.41
9 21 136.78
9 22 137.84
9 23 131.41
9 24 142.79
9 25 149.89
9 26 146.0
9 27 153.89
9 28 156.08
9 29 160.93
9 30 154.55
9 31 164.45
9 32 153.6
9 33 160.81
9 34 161.1
9 35 169.19
9 36 160.02
9 37 179.32
9 38 174.73
9 39 165.92
9 40 179.39
9 41 176.4
9 42 171.16
9 43 178.11
9 44 177.66
9 45 184.16
9 46 189.52
9 47 196.02
9 48 183.71
9 49 193.96
9 50 192.74
9 51 198.27
9 52 197.15
9 53 200.07
9 54 203.76
9 55 204.29
9 56 200.6
9 57 204.15
9 58 204.13
9 59 204.23
9 60 210.39
9 61 222.14
9 62 218.48
9 63 221.2
9 64 226.68
9 65 220.95
9 66 217.71
9 67 203.44
9 68 216.94
9 69 225.5
9 70 236.21
9 71 229.78
9 72 236.01
9 73 225.33
9 74 234.43
9 75 229.72
9 76 246.54
9 77 233.28
9 78 242.86
9 79 263.66
9 80 241.38
9 81 234.37
9 82 258.08
9 83 243.37
9 84 249.8
9 85 257.77
9 86 259.33
9 87 263.29
9 88 261.79
9 89 272.24
9 90 265.05
9 91 268.01
9 92 278.12
9 93 274.84
9 94 275.3
9 95 289.19
9 96 283.09
9 97 276.44
9 98 276.74
9 99 283.81
9 100 281.0

10 10 126.94
10 11 140.26
10 12 124.65
10 13 145.37
10 14 141.1
10 15 144.04
10 16 146.64
10 17 148.55
10 18 140.29
10 19 144.44
10 20 154.56
10 21 147.16
10 22 158.2
10 23 150.22
10 24 162.82
10 25 160.41
10 26 166.68
10 27 160.5
10 28 173.97
10 29 159.3
10 30 169.13
10 31 164.53
10 32 171.6
10 33 173.27
10 34 164.42
10 35 176.8
10 36 171.29
10 37 175.24
10 38 186.5
10 39 186.81
10 40 177.84
10 41 191.48
10 42 184.68
10 43 184.34
10 44 199.18
10 45 191.53
10 46 198.48
10 47 210.97
10 48 210.29
10 49 199.88
10 50 210.5
10 51 212.87
10 52 204.23
10 53 211.35
10 54 210.27
10 55 213.27
10 56 222.38
10 57 207.12
10 58 224.85
10 59 219.69
10 60 217.82
10 61 224.22
10 62 227.62
10 63 231.08
10 64 228.54
10 65 229.44
10 66 223.6
10 67 230.23
10 68 220.63
10 69 242.77
10 70 234.0
10 71 239.28
10 72 250.8
10 73 248.62
10 74 253.58
10 75 248.45
10 76 255.8
10 77 248.91
10 78 252.38
10 79 262.41
10 80 258.03
10 81 256.23
10 82 256.6
10 83 268.72
10 84 260.29
10 85 273.93
10 86 272.63
10 87 272.36
10 88 260.63
10 89 280.94
10 90 278.67
10 91 285.15
10 92 286.01
10 93 281.35
10 94 277.85
10 95 289.52
10 96 298.59
10 97 290.25
10 98 286.95
10 99 288.49
10 100 287.17

