1 10 84.06
1 11 80.4
1 12 77.25
1 13 90.58
1 14 82.02
1 15 71.72
1 16 94.41
1 17 71.13
1 18 67.44
1 19 76.27
1 20 116.81
1 21 147.82
1 22 76.49
1 23 117.63
1 24 124.18
1 25 134.28
1 26 132.68
1 27 87.77
1 28 97.22
1 29 102.11
1 30 120.89
1 31 151.53
1 32 130.35
1 33 104.77
1 34 104.79
1 35 143.33
1 36 157.35
1 37 123.47
1 38 106.63
1 39 126.36
1 40 141.15
1 41 139.57
1 42 127.38
1 43 140.5
1 44 170.58
1 45 118.03
1 46 134.39
1 47 137.11
1 48 129.07
1 49 169.17
1 50 142.83
1 51 169.38
1 52 173.0
1 53 157.66
1 54 146.25
1 55 165.93
1 56 183.46
1 57 167.62
1 58 167.45
1 59 211.08
1 60 144.51
1 61 159.22
1 62 157.07
1 63 152.13
1 64 160.81
1 65 167.68
1 66 207.06
1 67 178.94
1 68 183.63
1 69 192.22
1 70 197.95
1 71 176.31
1 72 179.8
1 73 200.13
1 74 236.23
1 75 193.56
1 76 215.82
1 77 208.53
1 78 178.94
1 79 182.84
1 80 181.54
1 81 204.06
1 82 227.64
1 83 199.63
1 84 255.02
1 85 181.35
1 86 249.79
1 87 198.66
1 88 225.62
1 89 215.25
1 90 209.38
1 91 214.63
1 92 241.72
1 93 244.56
1 94 244.9
1 95 229.18
1 96 243.24
1 97 249.0
1 98 261.72
1 99 211.28
1 100 208.73

2 10 111.47
2 11 73.97
2 12 89.85
2 13 114.13
2 14 105.12
2 15 119.66
2 16 89.79
2 17 137.66
2 18 95.3
2 19 132.13
2 20 131.34
2 21 136.5
2 22 116.93
2 23 98.19
2 24 122.84
2 25 133.88
2 26 136.06
2 27 153.51
2 28 106.58
2 29 115.01
2 30 128.67
2 31 117.71
2 32 153.45
2 33 142.88
2 34 138.32
2 35 148.86
2 36 118.21
2 37 126.65
2 38 135.78
2 39 134.8
2 40 134.3
2 41 147.45
2 42 162.27
2 43 141.75
2 44 149.42
2 45 144.89
2 46 159.37
2 47 159.24
2 48 135.6
2 49 143.14
2 50 163.25
2 51 164.61
2 52 190.74
2 53 171.39
2 54 185.12
2 55 145.54
2 56 188.48
2 57 179.65
2 58 192.27
2 59 191.09
2 60 166.37
2 61 203.59
2 62 185.14
2 63 183.15
2 64 197.77
2 65 190.7
2 66 166.61
2 67 195.87
2 68 189.98
2 69 206.69
2 70 182.55
2 71 200.27
2 72 209.08
2 73 234.12
2 74 216.55
2 75 204.39
2 76 210.78
2 77 204.24
2 78 214.39
2 79 229.79
2 80 208.44
2 81 217.56
2 82 228.61
2 83 254.44
2 84 228.37
2 85 213.47
2 86 247.66
2 87 246.69
2 88 212.52
2 89 242.17
2 90 225.01
2 91 228.68
2 92 240.46
2 93 226.05
2 94 289.73
2 95 258.33
2 96 220.96
2 97 265.42
2 98 255.9
2 99 253.88
2 100 254.41

3 10 112.27
3 11 125.43
3 12 129.15
3 13 126.62
3 14 93.53
3 15 101.08
3 16 91.82
3 17 120.38
3 18 147.73
3 19 149.24
3 20 156.65
3 21 156.61
3 22 119.87
3 23 150.66
3 24 120.33
3 25 107.83
3 26 164.22
3 27 120.31
3 28 139.38
3 29 147.72
3 30 167.8
3 31 164.43
3 32 163.66
3 33 150.01
3 34 123.08
3 35 171.5
3 36 138.22
3 37 158.27
3 38 172.67
3 39 169.01
3 40 181.28
3 41 142.59
3 42 167.72
3 43 150.9
3 44 164.8
3 45 156.42
3 46 168.87
3 47 177.34
3 48 182.34
3 49 188.39
3 50 183.53
3 51 172.27
3 52 172.94
3 53 162.61
3 54 200.29
3 55 176.54
3 56 212.76
3 57 186.83
3 58 197.79
3 59 190.48
3 60 184.79
3 61 200.54
3 62 173.95
3 63 194.87
3 64 230.17
3 65 213.49
3 66 225.97
3 67 194.88
3 68 192.9
3 69 171.88
3 70 212.86
3 71 203.23
3 72 204.9
3 73 239.73
3 74 195.65
3 75 223.33
3 76 261.27
3 77 236.34
3 78 232.26
3 79 209.82
3 80 219.1
3 81 196.48
3 82 240.37
3 83 235.98
3 84 251.11
3 85 256.87
3 86 256.01
3 87 244.17
3 88 259.27
3 89 258.82
3 90 240.61
3 91 257.43
3 92 237.49
3 93 224.16
3 94 258.18
3 95 258.87
3 96 260.83
3 97 264.09
3 98 272.63
3 99 267.59
3 100 309.19

4 10 131.51
4 11 112.83
4 12 111.38
4 13 99.25
4 14 105.45
4 15 137.34
4 16 122.78
4 17 120.3
4 18 133.41
4 19 141.44
4 20 135.46
4 21 152.12
4 22 134.61
4 23 161.98
4 24 121.68
4 25 152.4
4 26 137.95
4 27 124.99
4 28 153.23
4 29 162.1
4 30 156.37
4 31 184.39
4 32 193.79
4 33 137.64
4 34 151.48
4 35 166.24
4 36 155.05
4 37 188.68
4 38 191.46
4 39 150.02
4 40 190.41
4 41 157.92
4 42 175.77
4 43 169.98
4 44 174.52
4 45 161.55
4 46 186.0
4 47 221.3
4 48 227.07
4 49 186.43
4 50 176.89
4 51 196.18
4 52 194.65
4 53 202.78
4 54 223.24
4 55 207.93
4 56 198.12
4 57 196.67
4 58 199.64
4 59 189.02
4 60 231.12
4 61 235.89
4 62 203.89
4 63 217.75
4 64 235.27
4 65 225.34
4 66 221.74
4 67 216.74
4 68 207.11
4 69 265.59
4 70 228.57
4 71 239.05
4 72 207.07
4 73 222.48
4 74 246.77
4 75 255.21
4 76 251.98
4 77 251.65
4 78 237.48
4 79 256.05
4 80 237.66
4 81 261.71
4 82 252.21
4 83 250.93
4 84 274.53
4 85 253.02
4 86 261.5
4 87 280.67
4 88 247.84
4 89 257.8
4 90 259.2
4 91 240.08
4 92 238.24
4 93 273.71
4 94 262.33
4 95 279.74
4 96 303.22
4 97 253.19
4 98 241.61
4 99 274.08
4 100 326.5

5 10 136.92
5 11 118.52
5 12 134.65
5 13 122.63
5 14 153.75
5 15 137.97
5 16 114.16
5 17 165.23
5 18 180.9
5 19 125.63
5 20 120.02
5 21 139.56
5 22 132.52
5 23 136.7
5 24 143.22
5 25 132.62
5 26 217.03
5 27 134.62
5 28 154.31
5 29 183.79
5 30 188.11
5 31 149.6
5 32 157.2
5 33 163.64
5 34 152.5
5 35 155.88
5 36 184.69
5 37 174.09
5 38 187.13
5 39 184.53
5 40 173.25
5 41 170.12
5 42 166.69
5 43 169.49
5 44 183.76
5 45 171.69
5 46 186.9
5 47 215.7
5 48 208.18
5 49 249.14
5 50 224.12
5 51 216.0
5 52 192.69
5 53 205.07
5 54 214.77
5 55 189.65
5 56 226.49
5 57 218.0
5 58 240.49
5 59 233.52
5 60 217.29
5 61 209.07
5 62 192.5
5 63 249.6
5 64 202.34
5 65 243.87
5 66 243.33
5 67 203.65
5 68 247.49
5 69 242.63
5 70 275.39
5 71 265.87
5 72 212.94
5 73 227.85
5 74 218.67
5 75 266.17
5 76 257.28
5 77 253.43
5 78 228.3
5 79 231.75
5 80 235.34
5 81 230.31
5 82 294.65
5 83 300.68
5 84 259.85
5 85 252.05
5 86 258.7
5 87 291.06
5 88 291.98
5 89 268.74
5 90 269.77
5 91 306.61
5 92 248.69
5 93 264.3
5 94 304.2
5 95 290.5
5 96 280.71
5 97 279.75
5 98 278.7
5 99 293.35
5 100 298.0

6 10 139.57
6 11 135.06
6 12 136.57
6 13 130.54
6 14 157.81
6 15 160.07
6 16 139.22
6 17 153.96
6 18 151.68
6 19 163.65
6 20 147.1
6 21 153.97
6 22 190.87
6 23 137.9
6 24 146.43
6 25 171.67
6 26 181.75
6 27 141.69
6 28 188.97
6 29 156.04
6 30 191.04
6 31 160.51
6 32 182.97
6 33 186.88
6 34 187.02
6 35 191.54
6 36 209.48
6 37 196.44
6 38 197.53
6 39 185.49
6 40 193.56
6 41 199.72
6 42 182.06
6 43 225.49
6 44 188.16
6 45 205.48
6 46 191.42
6 47 229.3
6 48 224.23
6 49 211.95
6 50 191.7
6 51 199.45
6 52 250.19
6 53 202.11
6 54 233.76
6 55 268.17
6 56 204.96
6 57 206.9
6 58 246.69
6 59 232.16
6 60 239.0
6 61 229.86
6 62 210.04
6 63 234.24
6 64 230.94
6 65 238.77
6 66 228.41
6 67 229.87
6 68 216.43
6 69 272.86
6 70 250.27
6 71 237.61
6 72 242.57
6 73 279.17
6 74 250.14
6 75 282.59
6 76 269.07
6 77 257.77
6 78 249.89
6 79 266.68
6 80 256.51
6 81 230.87
6 82 252.05
6 83 293.36
6 84 280.9
6 85 256.73
6 86 290.15
6 87 289.2
6 88 289.66
6 89 295.12
6 90 294.11
6 91 295.43
6 92 289.52
6 93 284.33
6 94 310.89
6 95 332.75
6 96 271.5
6 97 261.01
6 98 286.59
6 99 305.9
6 100 295.22

7 10 138.23
7 11 134.9
7 12 184.47
7 13 175.65
7 14 159.23
7 15 163.22
7 16 167.3
7 17 162.84
7 18 151.76
7 19 189.77
7 20 141.18
7 21 176.14
7 22 184.52
7 23 195.85
7 24 182.05
7 25 177.85
7 26 157.25
7 27 208.83
7 28 191.26
7 29 216.04
7 30 177.15
7 31 185.12
7 32 186.99
7 33 198.87
7 34 172.43
7 35 253.46
7 36 207.35
7 37 189.61
7 38 189.62
7 39 196.55
7 40 232.17
7 41 222.01
7 42 193.09
7 43 225.99
7 44 250.6
7 45 194.9
7 46 192.62
7 47 218.35
7 48 212.21
7 49 205.8
7 50 185.29
7 51 214.84
7 52 200.9
7 53 230.41
7 54 279.86
7 55 212.91
7 56 218.58
7 57 206.2
7 58 247.12
7 59 229.89
7 60 238.62
7 61 264.1
7 62 225.02
7 63 251.41
7 64 264.43
7 65 255.13
7 66 225.32
7 67 257.21
7 68 240.5
7 69 251.72
7 70 295.1
7 71 268.64
7 72 252.35
7 73 270.37
7 74 276.97
7 75 259.17
7 76 283.99
7 77 241.26
7 78 300.78
7 79 266.1
7 80 267.65
7 81 245.17
7 82 282.25
7 83 281.41
7 84 317.27
7 85 303.62
7 86 268.5
7 87 325.21
7 88 279.97
7 89 301.13
7 90 297.74
7 91 307.86
7 92 303.48
7 93 300.63
7 94 324.86
7 95 292.58
7 96 303.36
7 97 306.04
7 98 308.88
7 99 306.7
7 100 308.0

8 10 150.62
8 11 137.16
8 12 154.07
8 13 159.51
8 14 158.19
8 15 187.1
8 16 172.21
8 17 165.48
8 18 192.27
8 19 171.0
8 20 176.95
8 21 192.13
8 22 187.44
8 23 196.18
8 24 164.87
8 25 191.13
8 26 224.89
8 27 190.62
8 28 213.52
8 29 183.45
8 30 184.87
8 31 199.13
8 32 211.04
8 33 221.6
8 34 167.49
8 35 206.73
8 36 206.17
8 37 229.74
8 38 211.08
8 39 207.62
8 40 218.91
8 41 211.16
8 42 215.4
8 43 226.48
8 44 222.18
8 45 283.19
8 46 210.32
8 47 250.85
8 48 250.63
8 49 237.98
8 50 224.34
8 51 244.8
8 52 251.15
8 53 240.77
8 54 242.47
8 55 241.14
8 56 239.41
8 57 254.72
8 58 237.3
8 59 263.16
8 60 265.14
8 61 244.58
8 62 250.05
8 63 277.05
8 64 256.56
8 65 272.02
8 66 283.67
8 67 251.87
8 68 228.91
8 69 321.37
8 70 275.87
8 71 260.38
8 72 259.62
8 73 303.39
8 74 299.72
8 75 300.61
8 76 253.05
8 77 294.68
8 78 300.37
8 79 280.76
8 80 281.25
8 81 293.63
8 82 279.25
8 83 256.74
8 84 290.82
8 85 283.09
8 86 311.47
8 87 299.71
8 88 307.37
8 89 294.64
8 90 298.47
8 91 288.77
8 92 302.68
8 93 312.76
8 94 326.73
8 95 312.86
8 96 289.04
8 97 295.97
8 98 299.57
8 99 324.91
8 100 323.06

9 10 174.04
9 11 184.98
9 12 209.35
9 13 188.29
9 14 162.66
9 15 172.84
9 16 226.73
9 17 219.43
9 18 196.34
9 19 197.15
9 20 208.84
9 21 214.72
9 22 184.54
9 23 227.66
9 24 202.84
9 25 219.59
9 26 200.93
9 27 222.76
9 28 215.2
9 29 214.61
9 30 243.51
9 31 229.41
9 32 233.26
9 33 245.32
9 34 234.01
9 35 236.76
9 36 260.12
9 37 223.15
9 38 227.19
9 39 227.01
9 40 213.66
9 41 226.5
9 42 242.97
9 43 261.25
9 44 255.55
9 45 279.95
9 46 297.92
9 47 238.79
9 48 240.98
9 49 244.59
9 50 292.88
9 51 243.93
9 52 279.86
9 53 277.31
9 54 267.77
9 55 276.39
9 56 304.48
9 57 261.69
9 58 275.26
9 59 288.7
9 60 336.71
9 61 276.64
9 62 262.44
9 63 303.18
9 64 270.75
9 65 278.15
9 66 312.26
9 67 286.73
9 68 294.96
9 69 285.91
9 70 279.22
9 71 295.55
9 72 325.1
9 73 278.07
9 74 275.67
9 75 306.97
9 76 318.04
9 77 306.83
9 78 304.88
9 79 275.87
9 80 307.94
9 81 335.73
9 82 298.79
9 83 336.99
9 84 303.83
9 85 322.89
9 86 330.0
9 87 335.4
9 88 328.73
9 89 358.94
9 90 317.63
9 91 351.19
9 92 338.38
9 93 334.73
9 94 344.78
9 95 328.86
9 96 347.33
9 97 327.05
9 98 337.42
9 99 342.05
9 100 365.02

10 10 231.68
10 11 195.85
10 12 199.15
10 13 215.51
10 14 228.77
10 15 211.1
10 16 231.71
10 17 208.75
10 18 224.55
10 19 203.74
10 20 199.49
10 21 228.41
10 22 208.92
10 23 249.8
10 24 217.79
10 25 236.27
10 26 257.82
10 27 257.26
10 28 218.31
10 29 257.16
10 30 229.85
10 31 267.93
10 32 221.74
10 33 237.02
10 34 244.83
10 35 287.37
10 36 305.16
10 37 255.4
10 38 271.04
10 39 237.79
10 40 306.84
10 41 308.7
10 42 296.07
10 43 272.68
10 44 265.16
10 45 276.22
10 46 268.08
10 47 267.24
10 48 270.39
10 49 316.68
10 50 284.2
10 51 274.43
10 52 310.04
10 53 301.21
10 54 269.96
10 55 305.54
10 56 271.55
10 57 272.24
10 58 317.2
10 59 283.41
10 60 299.42
10 61 284.82
10 62 295.51
10 63 300.39
10 64 319.72
10 65 337.01
10 66 302.37
10 67 348.13
10 68 325.91
10 69 297.63
10 70 333.63
10 71 291.07
10 72 357.41
10 73 322.57
10 74 334.29
10 75 323.04
10 76 337.96
10 77 336.92
10 78 307.28
10 79 340.78
10 80 357.39
10 81 334.67
10 82 328.18
10 83 306.27
10 84 345.83
10 85 324.67
10 86 352.32
10 87 366.78
10 88 330.73
10 89 363.43
10 90 359.53
10 91 364.28
10 92 381.29
10 93 397.83
10 94 347.94
10 95 366.42
10 96 380.35
10 97 365.28
10 98 371.13
10 99 388.69
10 100 395.93

